563781492892354617471629583947263158256148379318597264689412735725936841134875926
173486592425917683968325417684172359597634821312598764249853176756241938831769245
653178942879425163142639587795386214231954678468217395324791856517862439986543721
715346289943872516826159437451698723397521864268437195139785642582964371674213958
581962347236574981974138265129845673365791428748326519653417892497283156812659734
487569132295831674631274598912746385768325941354198267523987416849612753176453829
976214385324598761815637924469385217281976543753142896192453678637821459548769132
618295743935476821274381695453718962892643157761529384587934216349162578126857439
317654892825973416469812573974136258581249367236587149653721984748395621192468735
124367589389251476756849321672914835835726914941538762563482197417693258298175643
172489653358761924694235871846173295531892746927546318289354167765918432413627589
751428963346915872982673415124389756638752149597146328879261534463597281215834697
652379814179284635843165792367542981518693427924718356736821549295437168481956273
428167395935824176617539428872951643193476582564382917246795831789613254351248769
692417583874539126153682974548793261319256847726148395985364712437821659261975438
546128739817539426923467815385792641462851397791643258674315982139286574258974163